48.200 7.200
40.641 -74.339
51.410 -0.846
38.697 -77.806
42.300 -88
51.914 4.495
-16.448 145.408
42.656 23.369
46.522 14.846
50.770 -2.020
41.816 3.056
37.158 22.893
37.103 -121.634
1.306 103.782
48.644 2.231
50.711 4.548
37.194 -80.489
-12.024 -77.048
37.742 -25.557
60.163 24.688
45.651 -73.564
-34.851 -58.087
51.428 7.194
52.834 6.379
45.213 -117.130
46.053 14.306
40.569 -105.226
39.104 -0.458
40.239 -75.500
42.019 0.744
53.648 -6.671
35.797 139.483
52.177 5.834
55.887 -3.486
53.728 -2.356
49.979 21.913
37.280 -121.947
32.950 -96.840
49.223 9.381
37.410 -122.094
59.104 18.208
39.135 -77.769
38.054 -121.361
52.078 -2.065
48.266 11.668
45.315 -73.750
-37.807 175.326
56.972 10.105
41.744 -111.805
19.345 -99.160
54.376 -6.180
-0.215 -78.503
37.819 -122.181
49.977 8.232
52 4.200
49.979 21.913
48.267 11.671
48.630 18.341
47.190 7.144
38.184 23.249
-34.743 148.840
38.353 -81.687
53.452 10.221
54.890 -112.299
41.570 -87.812
47.807 9.633
55.693 37.347
48.886 8.693
48.047 11.658
-23.543 -46.760
-34.747 -58.374
-26.285 28.071
-27.492 153.069
-38.280 -57.854
42.845 -71.501
51.594 4.923
49.859 8.660
44.988 9.125
51.738 36.148
55.494 -4.599
24.771 46.708
47.917 19.895
45.605 12.243
52.834 6.379
-26.816 -65.290
1.338 103.934
48.886 8.693
13.728 100.772
54.890 -112.295
38.017 23.731
49.977 8.232
33.496 -117.090
52.079 0.582
35.694 -84.270
59.453 17.890
50.217 8.641
51.721 5.030
42.744 -71.538
42.817 1.584
55.792 -4.854